Loto7 最新予測
==================
対象抽せん日: 2026-06-05

予測結果
------------------
01. 6, 7, 9, 12, 16, 22, 24  / 信頼度: 0.97
02. 6, 7, 9, 12, 15, 22, 24  / 信頼度: 0.836
03. 6, 7, 9, 12, 22, 24, 26  / 信頼度: 0.824
04. 6, 9, 12, 15, 16, 22, 24  / 信頼度: 0.795
05. 6, 7, 9, 16, 22, 24, 33  / 信頼度: 0.791
06. 6, 7, 9, 15, 16, 22, 24  / 信頼度: 0.79
07. 6, 7, 12, 15, 16, 22, 24  / 信頼度: 0.776
08. 6, 7, 9, 12, 16, 22, 33  / 信頼度: 0.736
09. 6, 7, 9, 12, 22, 24, 33  / 信頼度: 0.733
10. 6, 7, 12, 16, 22, 24, 33  / 信頼度: 0.72

注意
------------------
この予測は過去実績に基づく候補生成です。
的中保証は確認できません。
